"estimator_name","data_name","sampsize","y_estimate","y_true","training_time","prediction_time"
"glmnet_1","Boston-LM-RF-spiky",128,26.4845164136972,24.6082860692966,0.000109736124674479,0.000133617719014486
"glmnet_1","Boston-LM-RF-spiky",128,27.1209967176929,30.2973083210428,0.000109736124674479,0.000133617719014486
"glmnet_1","Boston-LM-RF-spiky",128,27.5960810113776,34.4206936378755,0.000109736124674479,0.000133617719014486
"glmnet_1","Boston-LM-RF-spiky",128,22.3459187105669,28.451620255608,0.000109736124674479,0.000133617719014486
"glmnet_1","Boston-LM-RF-spiky",128,19.020129040731,25.6496574047557,0.000109736124674479,0.000133617719014486
"glmnet_1","Boston-LM-RF-spiky",128,19.6718840354604,18.6754613438815,0.000109736124674479,0.000133617719014486
"glmnet_1","Boston-LM-RF-spiky",128,18.8187603031241,23.0633149254059,0.000109736124674479,0.000133617719014486
"glmnet_1","Boston-LM-RF-spiky",128,19.990187323714,22.9204971458202,0.000109736124674479,0.000133617719014486
"glmnet_1","Boston-LM-RF-spiky",128,17.6568130062303,18.3194951549944,0.000109736124674479,0.000133617719014486
"glmnet_1","Boston-LM-RF-spiky",128,17.788091139917,21.6659841897399,0.000109736124674479,0.000133617719014486
"glmnet_1","Boston-LM-RF-spiky",128,19.9839383865853,22.3338471557484,0.000109736124674479,0.000133617719014486
"glmnet_1","Boston-LM-RF-spiky",128,17.1267136752307,17.8354007652004,0.000109736124674479,0.000133617719014486
"glmnet_1","Boston-LM-RF-spiky",128,14.3332239772085,19.0986548122676,0.000109736124674479,0.000133617719014486
"glmnet_1","Boston-LM-RF-spiky",128,15.2884755974554,11.2243429867429,0.000109736124674479,0.000133617719014486
"glmnet_1","Boston-LM-RF-spiky",128,15.8133353030948,17.0975745125776,0.000109736124674479,0.000133617719014486
"glmnet_1","Boston-LM-RF-spiky",128,12.2015864112972,14.0422587529567,0.000109736124674479,0.000133617719014486
"glmnet_1","Boston-LM-RF-spiky",128,14.432540976331,16.6523205243308,0.000109736124674479,0.000133617719014486
"glmnet_1","Boston-LM-RF-spiky",128,15.4151626619401,17.567937199135,0.000109736124674479,0.000133617719014486
"glmnet_1","Boston-LM-RF-spiky",128,22.655435597837,15.7165342232249,0.000109736124674479,0.000133617719014486
"glmnet_1","Boston-LM-RF-spiky",128,13.4532071026934,12.8337696056876,0.000109736124674479,0.000133617719014486
"glmnet_1","Boston-LM-RF-spiky",128,15.2018075212002,10.3725238650763,0.000109736124674479,0.000133617719014486
"glmnet_1","Boston-LM-RF-spiky",128,21.2300701656282,20.82328835388,0.000109736124674479,0.000133617719014486
"glmnet_1","Boston-LM-RF-spiky",128,20.1558997811491,20.2285939916975,0.000109736124674479,0.000133617719014486
"glmnet_1","Boston-LM-RF-spiky",128,20.6303907025658,20.0215223072467,0.000109736124674479,0.000133617719014486
"glmnet_1","Boston-LM-RF-spiky",128,31.6017585701976,31.9635077119397,0.000109736124674479,0.000133617719014486
"glmnet_1","Boston-LM-RF-spiky",128,23.716303602422,24.9359077354631,0.000109736124674479,0.000133617719014486
"glmnet_1","Boston-LM-RF-spiky",128,23.9522241674845,28.0575504648512,0.000109736124674479,0.000133617719014486
"glmnet_1","Boston-LM-RF-spiky",128,21.4155198673053,24.7939319951221,0.000109736124674479,0.000133617719014486
"glmnet_1","Boston-LM-RF-spiky",128,20.1545213502163,19.8460297468591,0.000109736124674479,0.000133617719014486
"glmnet_1","Boston-LM-RF-spiky",128,21.6683549235334,21.8427365474585,0.000109736124674479,0.000133617719014486
"glmnet_1","Boston-LM-RF-spiky",128,22.3182439121985,24.3780504643502,0.000109736124674479,0.000133617719014486
"glmnet_1","Boston-LM-RF-spiky",128,13.7990233376476,12.8159012662612,0.000109736124674479,0.000133617719014486
"glmnet_1","Boston-LM-RF-spiky",128,22.6757929235897,29.8351492630394,0.000109736124674479,0.000133617719014486
"glmnet_1","Boston-LM-RF-spiky",128,19.9949588610486,24.9966085625578,0.000109736124674479,0.000133617719014486
"glmnet_1","Boston-LM-RF-spiky",128,22.107747649822,19.4142100774291,0.000109736124674479,0.000133617719014486
"glmnet_1","Boston-LM-RF-spiky",128,23.1906194314757,34.2130277031687,0.000109736124674479,0.000133617719014486
"glmnet_1","Boston-LM-RF-spiky",128,28.6879247342328,23.2869281062187,0.000109736124674479,0.000133617719014486
"glmnet_1","Boston-LM-RF-spiky",128,18.1248110114533,18.3200534530063,0.000109736124674479,0.000133617719014486
"glmnet_1","Boston-LM-RF-spiky",128,14.9575714556391,17.1375665666911,0.000109736124674479,0.000133617719014486
"glmnet_1","Boston-LM-RF-spiky",128,24.7689985119517,25.9769172390838,0.000109736124674479,0.000133617719014486
"glmnet_1","Boston-LM-RF-spiky",128,22.6427093468574,22.2001032604198,0.000109736124674479,0.000133617719014486
"glmnet_1","Boston-LM-RF-spiky",128,23.5565571176309,22.4859776880938,0.000109736124674479,0.000133617719014486
"glmnet_1","Boston-LM-RF-spiky",128,22.0516896616124,25.9240214287182,0.000109736124674479,0.000133617719014486
"glmnet_1","Boston-LM-RF-spiky",128,21.2071365916952,22.2936246513529,0.000109736124674479,0.000133617719014486
"glmnet_1","Boston-LM-RF-spiky",128,19.601992439888,19.4323068313009,0.000109736124674479,0.000133617719014486
"glmnet_1","Boston-LM-RF-spiky",128,26.4729620003827,25.3468037849918,0.000109736124674479,0.000133617719014486
"glmnet_1","Boston-LM-RF-spiky",128,30.0690080593869,27.4906798290291,0.000109736124674479,0.000133617719014486
"glmnet_1","Boston-LM-RF-spiky",128,25.2636722017552,20.9018761472407,0.000109736124674479,0.000133617719014486
"glmnet_1","Boston-LM-RF-spiky",128,25.0748551717107,20.4404191848349,0.000109736124674479,0.000133617719014486
"glmnet_1","Boston-LM-RF-spiky",128,29.2322401954653,17.6372472708889,0.000109736124674479,0.000133617719014486
"glmnet_1","Boston-LM-RF-spiky",128,26.8689833321869,22.2806511161065,0.000109736124674479,0.000133617719014486
"glmnet_1","Boston-LM-RF-spiky",128,22.9472665135207,20.1143093299498,0.000109736124674479,0.000133617719014486
"glmnet_1","Boston-LM-RF-spiky",128,37.4891057097731,32.8240523867522,0.000109736124674479,0.000133617719014486
"glmnet_1","Boston-LM-RF-spiky",128,23.6796000559466,24.076253352056,0.000109736124674479,0.000133617719014486
"glmnet_1","Boston-LM-RF-spiky",128,24.4313454576287,23.6627401353946,0.000109736124674479,0.000133617719014486
"glmnet_1","Boston-LM-RF-spiky",128,18.8479297615717,18.9641583090889,0.000109736124674479,0.000133617719014486
"glmnet_1","Boston-LM-RF-spiky",128,16.4538108185395,21.8335006510934,0.000109736124674479,0.000133617719014486
"glmnet_1","Boston-LM-RF-spiky",128,19.3433194492766,18.7262355194174,0.000109736124674479,0.000133617719014486
"glmnet_1","Boston-LM-RF-spiky",128,19.925965993042,22.991787303597,0.000109736124674479,0.000133617719014486
"glmnet_1","Boston-LM-RF-spiky",128,18.4092868186183,16.7346082779378,0.000109736124674479,0.000133617719014486
"glmnet_1","Boston-LM-RF-spiky",128,19.3446729645506,12.567925417686,0.000109736124674479,0.000133617719014486
"glmnet_1","Boston-LM-RF-spiky",128,22.2155524851271,18.6018557472324,0.000109736124674479,0.000133617719014486
"glmnet_1","Boston-LM-RF-spiky",128,17.7382353580033,23.5086073286655,0.000109736124674479,0.000133617719014486
"glmnet_1","Boston-LM-RF-spiky",128,19.9316018979319,19.2546822714304,0.000109736124674479,0.000133617719014486
"glmnet_1","Boston-LM-RF-spiky",128,17.6252731091813,20.2619024923847,0.000109736124674479,0.000133617719014486
"glmnet_1","Boston-LM-RF-spiky",128,17.7077093560789,16.6116070256305,0.000109736124674479,0.000133617719014486
"glmnet_1","Boston-LM-RF-spiky",128,22.1413353994391,17.8786575953821,0.000109736124674479,0.000133617719014486
"glmnet_1","Boston-LM-RF-spiky",128,23.9100695798494,17.8322715083526,0.000109736124674479,0.000133617719014486
"glmnet_1","Boston-LM-RF-spiky",128,13.8736757841658,15.882207234189,0.000109736124674479,0.000133617719014486
"glmnet_1","Boston-LM-RF-spiky",128,19.6437150880711,20.4427629223295,0.000109736124674479,0.000133617719014486
"glmnet_1","Boston-LM-RF-spiky",128,19.3935074779432,22.0968039528939,0.000109736124674479,0.000133617719014486
"glmnet_1","Boston-LM-RF-spiky",128,12.5468353225279,16.6682912543655,0.000109736124674479,0.000133617719014486
"glmnet_1","Boston-LM-RF-spiky",128,15.3177930342696,14.3478929024999,0.000109736124674479,0.000133617719014486
"glmnet_1","Boston-LM-RF-spiky",128,19.740245442869,19.538627534164,0.000109736124674479,0.000133617719014486
"glmnet_1","Boston-LM-RF-spiky",128,16.3054038932895,17.1677147971622,0.000109736124674479,0.000133617719014486
"glmnet_1","Boston-LM-RF-spiky",128,19.1679012096291,13.3950242550375,0.000109736124674479,0.000133617719014486
"glmnet_1","Boston-LM-RF-spiky",128,21.0066500700527,13.7254093919914,0.000109736124674479,0.000133617719014486
"glmnet_1","Boston-LM-RF-spiky",128,13.6548785972847,14.7181559326869,0.000109736124674479,0.000133617719014486
"glmnet_1","Boston-LM-RF-spiky",128,13.8331329850533,18.4763528448702,0.000109736124674479,0.000133617719014486
"glmnet_1","Boston-LM-RF-spiky",128,21.4831355310886,17.5934221546346,0.000109736124674479,0.000133617719014486
"glmnet_1","Boston-LM-RF-spiky",128,15.654362780664,17.9963528181135,0.000109736124674479,0.000133617719014486
"glmnet_1","Boston-LM-RF-spiky",128,17.3573141564889,18.2736129242628,0.000109736124674479,0.000133617719014486
"glmnet_1","Boston-LM-RF-spiky",128,33.037597946577,41.9760230543842,0.000109736124674479,0.000133617719014486
"glmnet_1","Boston-LM-RF-spiky",128,28.3117671716926,29.5149517859872,0.000109736124674479,0.000133617719014486
"glmnet_1","Boston-LM-RF-spiky",128,26.2794236818234,25.7421722193236,0.000109736124674479,0.000133617719014486
"glmnet_1","Boston-LM-RF-spiky",128,27.2960716165991,22.6030715121703,0.000109736124674479,0.000133617719014486
"glmnet_1","Boston-LM-RF-spiky",128,28.4021214389519,18.9274464481059,0.000109736124674479,0.000133617719014486
"glmnet_1","Boston-LM-RF-spiky",128,19.9566898971541,24.5792739082767,0.000109736124674479,0.000133617719014486
"glmnet_1","Boston-LM-RF-spiky",128,32.7872139797965,41.9916041772447,0.000109736124674479,0.000133617719014486
"glmnet_1","Boston-LM-RF-spiky",128,37.2145598320162,37.0908887065911,0.000109736124674479,0.000133617719014486
"glmnet_1","Boston-LM-RF-spiky",128,26.4541441019377,36.8308216689325,0.000109736124674479,0.000133617719014486
"glmnet_1","Boston-LM-RF-spiky",128,28.7439223403381,33.4358877558339,0.000109736124674479,0.000133617719014486
"glmnet_1","Boston-LM-RF-spiky",128,38.2408690726009,44.4446270694973,0.000109736124674479,0.000133617719014486
"glmnet_1","Boston-LM-RF-spiky",128,34.2601489370214,31.2091738150979,0.000109736124674479,0.000133617719014486
"glmnet_1","Boston-LM-RF-spiky",128,31.5885191952205,38.4275906984035,0.000109736124674479,0.000133617719014486
"glmnet_1","Boston-LM-RF-spiky",128,30.5308536795571,28.7210853604668,0.000109736124674479,0.000133617719014486
"glmnet_1","Boston-LM-RF-spiky",128,43.6724221284732,41.1968608658344,0.000109736124674479,0.000133617719014486
"glmnet_1","Boston-LM-RF-spiky",128,35.1788199780434,34.089423462208,0.000109736124674479,0.000133617719014486
"glmnet_1","Boston-LM-RF-spiky",128,29.8449760825776,29.2971327241501,0.000109736124674479,0.000133617719014486
"glmnet_1","Boston-LM-RF-spiky",128,30.759561578842,31.6735066437922,0.000109736124674479,0.000133617719014486
"glmnet_1","Boston-LM-RF-spiky",128,38.5375362729357,39.8592153865627,0.000109736124674479,0.000133617719014486
"glmnet_1","Boston-LM-RF-spiky",128,23.6550092647349,25.1717168953352,0.000109736124674479,0.000133617719014486
"glmnet_1","Boston-LM-RF-spiky",128,19.7848903709003,20.7855402232564,0.000109736124674479,0.000133617719014486
"glmnet_1","Boston-LM-RF-spiky",128,15.6976182846656,19.5480202704526,0.000109736124674479,0.000133617719014486
"glmnet_1","Boston-LM-RF-spiky",128,23.3198230286445,26.6790746152677,0.000109736124674479,0.000133617719014486
"glmnet_1","Boston-LM-RF-spiky",128,27.6278342185719,26.3016386296344,0.000109736124674479,0.000133617719014486
"glmnet_1","Boston-LM-RF-spiky",128,22.4520729790182,20.6849163223256,0.000109736124674479,0.000133617719014486
"glmnet_1","Boston-LM-RF-spiky",128,31.0050122331514,27.4613441990956,0.000109736124674479,0.000133617719014486
"glmnet_1","Boston-LM-RF-spiky",128,44.7288788853036,46.4440283361126,0.000109736124674479,0.000133617719014486
"glmnet_1","Boston-LM-RF-spiky",128,38.0825801940876,37.3387450079076,0.000109736124674479,0.000133617719014486
"glmnet_1","Boston-LM-RF-spiky",128,23.3135879411625,21.3035925178007,0.000109736124674479,0.000133617719014486
"glmnet_1","Boston-LM-RF-spiky",128,34.0186783906337,31.0089816851941,0.000109736124674479,0.000133617719014486
"glmnet_1","Boston-LM-RF-spiky",128,28.990163292215,32.3192585598585,0.000109736124674479,0.000133617719014486
"glmnet_1","Boston-LM-RF-spiky",128,27.5755724912065,25.2887401585901,0.000109736124674479,0.000133617719014486
"glmnet_1","Boston-LM-RF-spiky",128,27.4272139316568,23.3063691377016,0.000109736124674479,0.000133617719014486
"glmnet_1","Boston-LM-RF-spiky",128,27.5240383253202,23.8832692801617,0.000109736124674479,0.000133617719014486
"glmnet_1","Boston-LM-RF-spiky",128,19.9990776417573,27.3806424100653,0.000109736124674479,0.000133617719014486
"glmnet_1","Boston-LM-RF-spiky",128,23.8678496352426,27.6107013989362,0.000109736124674479,0.000133617719014486
"glmnet_1","Boston-LM-RF-spiky",128,23.1931730380253,27.1185609747532,0.000109736124674479,0.000133617719014486
"glmnet_1","Boston-LM-RF-spiky",128,24.1285752834836,30.5082718304262,0.000109736124674479,0.000133617719014486
"glmnet_1","Boston-LM-RF-spiky",128,21.2866880589404,20.5878017207158,0.000109736124674479,0.000133617719014486
"glmnet_1","Boston-LM-RF-spiky",128,39.6263331762913,39.6476758102971,0.000109736124674479,0.000133617719014486
"glmnet_1","Boston-LM-RF-spiky",128,34.1993722647796,33.525509766732,0.000109736124674479,0.000133617719014486
"glmnet_1","Boston-LM-RF-spiky",128,38.5931980473346,40.4056357632944,0.000109736124674479,0.000133617719014486
"glmnet_1","Boston-LM-RF-spiky",128,37.2285644107663,29.4880065353903,0.000109736124674479,0.000133617719014486
"glmnet_1","Boston-LM-RF-spiky",128,45.708060093806,48.4446675882899,0.000109736124674479,0.000133617719014486
"glmnet_1","Boston-LM-RF-spiky",128,40.3882039187978,44.9617185523958,0.000109736124674479,0.000133617719014486
"glmnet_1","Boston-LM-RF-spiky",128,22.6352044722066,24.7754144946114,0.000109736124674479,0.000133617719014486
"glmnet_1","Boston-LM-RF-spiky",128,35.0406092195994,31.264974626805,0.000109736124674479,0.000133617719014486
"glmnet_1","Boston-LM-RF-spiky",128,30.7288233423572,31.3451299478228,0.000109736124674479,0.000133617719014486
"glmnet_1","Boston-LM-RF-spiky",128,35.6162472316113,33.2585511703807,0.000109736124674479,0.000133617719014486
"glmnet_1","Boston-LM-RF-spiky",128,40.2884881983636,42.0041400745291,0.000109736124674479,0.000133617719014486
"glmnet_1","Boston-LM-RF-spiky",128,34.1168497727612,33.0650140409978,0.000109736124674479,0.000133617719014486
"glmnet_1","Boston-LM-RF-spiky",128,46.1580325635654,51.2367157939016,0.000109736124674479,0.000133617719014486
"glmnet_1","Boston-LM-RF-spiky",128,20.3965630973824,25.639038190142,0.000109736124674479,0.000133617719014486
"glmnet_1","Boston-LM-RF-spiky",128,25.8084349261862,24.0660631620301,0.000109736124674479,0.000133617719014486
"glmnet_1","Boston-LM-RF-spiky",128,34.7709917705072,32.2552114858461,0.000109736124674479,0.000133617719014486
"glmnet_1","Boston-LM-RF-spiky",128,36.8368719026585,26.9033752913171,0.000109736124674479,0.000133617719014486
"glmnet_1","Boston-LM-RF-spiky",128,33.0380254208307,30.0871025584246,0.000109736124674479,0.000133617719014486
"glmnet_1","Boston-LM-RF-spiky",128,22.8325656820293,22.1325594067159,0.000109736124674479,0.000133617719014486
"glmnet_1","Boston-LM-RF-spiky",128,25.9657895949735,26.0823562035328,0.000109736124674479,0.000133617719014486
"glmnet_1","Boston-LM-RF-spiky",128,18.5392011748767,23.0967821314575,0.000109736124674479,0.000133617719014486
"glmnet_1","Boston-LM-RF-spiky",128,28.8484331341313,25.8067373270022,0.000109736124674479,0.000133617719014486
"glmnet_1","Boston-LM-RF-spiky",128,33.1177572544695,32.6206804298522,0.000109736124674479,0.000133617719014486
"glmnet_1","Boston-LM-RF-spiky",128,35.6409883746069,29.0395552282501,0.000109736124674479,0.000133617719014486
"glmnet_1","Boston-LM-RF-spiky",128,37.8342671194021,31.7743382166486,0.000109736124674479,0.000133617719014486
"glmnet_1","Boston-LM-RF-spiky",128,26.8833858938524,23.4910627253637,0.000109736124674479,0.000133617719014486
"glmnet_1","Boston-LM-RF-spiky",128,20.598236189406,17.0859709559073,0.000109736124674479,0.000133617719014486
"glmnet_1","Boston-LM-RF-spiky",128,25.7769153163705,20.6558441901989,0.000109736124674479,0.000133617719014486
"glmnet_1","Boston-LM-RF-spiky",128,21.3448588930812,19.2322586693012,0.000109736124674479,0.000133617719014486
"glmnet_1","Boston-LM-RF-spiky",128,24.5770047329811,25.837424210702,0.000109736124674479,0.000133617719014486
"glmnet_1","Boston-LM-RF-spiky",128,17.5762609868522,18.3860669200751,0.000109736124674479,0.000133617719014486
"glmnet_1","Boston-LM-RF-spiky",128,23.8597998956834,22.1641856572177,0.000109736124674479,0.000133617719014486
"glmnet_1","Boston-LM-RF-spiky",128,23.5437403874104,25.7616347523977,0.000109736124674479,0.000133617719014486
"glmnet_1","Boston-LM-RF-spiky",128,20.9448075177707,21.9514680151622,0.000109736124674479,0.000133617719014486
"glmnet_1","Boston-LM-RF-spiky",128,16.8971274755158,18.5656602035744,0.000109736124674479,0.000133617719014486
"glmnet_1","Boston-LM-RF-spiky",128,18.9962964027151,20.6666154076799,0.000109736124674479,0.000133617719014486
"glmnet_1","Boston-LM-RF-spiky",128,17.3885205862027,21.7352474048309,0.000109736124674479,0.000133617719014486
"glmnet_1","Boston-LM-RF-spiky",128,19.9794048211481,22.4972198704399,0.000109736124674479,0.000133617719014486
"glmnet_1","Boston-LM-RF-spiky",128,19.6893456945226,21.8307129521442,0.000109736124674479,0.000133617719014486
"glmnet_1","Boston-LM-RF-spiky",128,18.6375679832598,22.4152513574553,0.000109736124674479,0.000133617719014486
"glmnet_1","Boston-LM-RF-spiky",128,18.096601981042,23.7321118465689,0.000109736124674479,0.000133617719014486
"glmnet_1","Boston-LM-RF-spiky",128,20.6408718856369,21.1366453816324,0.000109736124674479,0.000133617719014486
"glmnet_1","Boston-LM-RF-spiky",128,19.7242775746678,18.6715187557722,0.000109736124674479,0.000133617719014486
"glmnet_1","Boston-LM-RF-spiky",128,29.6022130837879,31.9787646839134,0.000109736124674479,0.000133617719014486
"glmnet_1","Boston-LM-RF-spiky",128,27.3967911991126,30.4021840773422,0.000109736124674479,0.000133617719014486
"glmnet_1","Boston-LM-RF-spiky",128,12.667520913952,22.8749029550981,0.000109736124674479,0.000133617719014486
"glmnet_1","Boston-LM-RF-spiky",128,11.0344444454977,15.5764843786877,0.000109736124674479,0.000133617719014486
"glmnet_1","Boston-LM-RF-spiky",128,26.9660868424571,27.1690731769436,0.000109736124674479,0.000133617719014486
"glmnet_1","Boston-LM-RF-spiky",128,20.7578554518456,28.9021491148876,0.000109736124674479,0.000133617719014486
"glmnet_1","Boston-LM-RF-spiky",128,17.0912491426623,23.8523843932046,0.000109736124674479,0.000133617719014486
"glmnet_1","Boston-LM-RF-spiky",128,11.1912424006608,20.7883481738137,0.000109736124674479,0.000133617719014486
"glmnet_1","Boston-LM-RF-spiky",128,13.6514017162224,21.3700765348459,0.000109736124674479,0.000133617719014486
"glmnet_1","Boston-LM-RF-spiky",128,36.8991210362385,21.5030793083514,0.000109736124674479,0.000133617719014486
"glmnet_1","Boston-LM-RF-spiky",128,45.8200473419687,23.4468449924751,0.000109736124674479,0.000133617719014486
"glmnet_1","Boston-LM-RF-spiky",128,39.3751967531019,47.390466872274,0.000109736124674479,0.000133617719014486
"glmnet_1","Boston-LM-RF-spiky",128,38.116193075135,41.6808063445964,0.000109736124674479,0.000133617719014486
"glmnet_1","Boston-LM-RF-spiky",128,33.2993059043654,10.0490378052587,0.000109736124674479,0.000133617719014486
"glmnet_1","Boston-LM-RF-spiky",128,73.5267680926833,11.0401679509913,0.000109736124674479,0.000133617719014486
"glmnet_1","Boston-LM-RF-spiky",128,45.6602737558879,11.6270489501365,0.000109736124674479,0.000133617719014486
"glmnet_1","Boston-LM-RF-spiky",128,74.4012602481244,12.8471837355079,0.000109736124674479,0.000133617719014486
"glmnet_1","Boston-LM-RF-spiky",128,60.0875665373803,10.3998689698139,0.000109736124674479,0.000133617719014486
"glmnet_1","Boston-LM-RF-spiky",128,231.275018771112,7.82052297124398,0.000109736124674479,0.000133617719014486
"glmnet_1","Boston-LM-RF-spiky",128,57.694575894653,8.96467641898313,0.000109736124674479,0.000133617719014486
"glmnet_1","Boston-LM-RF-spiky",128,48.2119150363458,11.7572087901403,0.000109736124674479,0.000133617719014486
"glmnet_1","Boston-LM-RF-spiky",128,30.6496327613872,11.7396156904953,0.000109736124674479,0.000133617719014486
"glmnet_1","Boston-LM-RF-spiky",128,38.8205566606823,16.5498677414212,0.000109736124674479,0.000133617719014486
"glmnet_1","Boston-LM-RF-spiky",128,47.355232220276,13.79101405562,0.000109736124674479,0.000133617719014486
"glmnet_1","Boston-LM-RF-spiky",128,40.406309741653,11.7422090668298,0.000109736124674479,0.000133617719014486
"glmnet_1","Boston-LM-RF-spiky",128,32.5915513741935,5.02506901046504,0.000109736124674479,0.000133617719014486
"glmnet_1","Boston-LM-RF-spiky",128,99.9838753619827,5.39537442656939,0.000109736124674479,0.000133617719014486
"glmnet_1","Boston-LM-RF-spiky",128,52.0362862162049,9.99553769480031,0.000109736124674479,0.000133617719014486
"glmnet_1","Boston-LM-RF-spiky",128,41.2083776305082,10.7353384204851,0.000109736124674479,0.000133617719014486
"glmnet_1","Boston-LM-RF-spiky",128,107.479558674404,5.22097051783234,0.000109736124674479,0.000133617719014486
"glmnet_1","Boston-LM-RF-spiky",128,171.471106957592,6.24051186276228,0.000109736124674479,0.000133617719014486
"glmnet_1","Boston-LM-RF-spiky",128,52.0552325140571,17.2529559314128,0.000109736124674479,0.000133617719014486
"glmnet_1","Boston-LM-RF-spiky",128,43.1871791216349,27.7995580178519,0.000109736124674479,0.000133617719014486
"glmnet_1","Boston-LM-RF-spiky",128,54.4164651106269,22.1321013412455,0.000109736124674479,0.000133617719014486
"glmnet_1","Boston-LM-RF-spiky",128,130.54218719351,8.60248520556754,0.000109736124674479,0.000133617719014486
"glmnet_1","Boston-LM-RF-spiky",128,49.139515426103,20.9555532451297,0.000109736124674479,0.000133617719014486
"glmnet_1","Boston-LM-RF-spiky",128,43.4143923407205,12.9023361674293,0.000109736124674479,0.000133617719014486
"glmnet_1","Boston-LM-RF-spiky",128,103.481714281925,9.45542788454253,0.000109736124674479,0.000133617719014486
"glmnet_1","Boston-LM-RF-spiky",128,39.4560007573962,9.81284097867175,0.000109736124674479,0.000133617719014486
"glmnet_1","Boston-LM-RF-spiky",128,66.3084386923538,9.44398393166702,0.000109736124674479,0.000133617719014486
"glmnet_1","Boston-LM-RF-spiky",128,179.733862086583,6.38973292875533,0.000109736124674479,0.000133617719014486
"glmnet_1","Boston-LM-RF-spiky",128,43.7345084490465,15.6140309768508,0.000109736124674479,0.000133617719014486
"glmnet_1","Boston-LM-RF-spiky",128,31.4891331303441,15.1492612749671,0.000109736124674479,0.000133617719014486
"glmnet_1","Boston-LM-RF-spiky",128,42.7385634533377,20.4505937507467,0.000109736124674479,0.000133617719014486
"glmnet_1","Boston-LM-RF-spiky",128,27.2661093815138,11.430820197463,0.000109736124674479,0.000133617719014486
"glmnet_1","Boston-LM-RF-spiky",128,29.7085681474654,15.3731939257738,0.000109736124674479,0.000133617719014486
"glmnet_1","Boston-LM-RF-spiky",128,33.8208477474444,11.6976558764676,0.000109736124674479,0.000133617719014486
"glmnet_1","Boston-LM-RF-spiky",128,32.5819371311131,15.1147144389083,0.000109736124674479,0.000133617719014486
"glmnet_1","Boston-LM-RF-spiky",128,26.575205194718,11.5440826439419,0.000109736124674479,0.000133617719014486
"glmnet_1","Boston-LM-RF-spiky",128,43.049001498066,8.47810101492357,0.000109736124674479,0.000133617719014486
"glmnet_1","Boston-LM-RF-spiky",128,38.2537902220953,7.3545174684213,0.000109736124674479,0.000133617719014486
"glmnet_1","Boston-LM-RF-spiky",128,34.0760699401776,15.9151547835319,0.000109736124674479,0.000133617719014486
"glmnet_1","Boston-LM-RF-spiky",128,64.7687482533824,13.1051119598359,0.000109736124674479,0.000133617719014486
"glmnet_1","Boston-LM-RF-spiky",128,40.1786240756546,16.8654669890339,0.000109736124674479,0.000133617719014486
"glmnet_1","Boston-LM-RF-spiky",128,30.2138289047349,17.7938028802091,0.000109736124674479,0.000133617719014486
"glmnet_1","Boston-LM-RF-spiky",128,41.5009892633112,11.0766164408417,0.000109736124674479,0.000133617719014486
"glmnet_1","Boston-LM-RF-spiky",128,40.3228888192979,13.2953035193995,0.000109736124674479,0.000133617719014486
"glmnet_1","Boston-LM-RF-spiky",128,39.9696323396308,15.6304855904771,0.000109736124674479,0.000133617719014486
"glmnet_1","Boston-LM-RF-spiky",128,38.3705657634796,18.7578155976837,0.000109736124674479,0.000133617719014486
"glmnet_1","Boston-LM-RF-spiky",128,29.1878074406387,13.4000935632884,0.000109736124674479,0.000133617719014486
"glmnet_1","Boston-LM-RF-spiky",128,29.2802919973468,15.3035868676267,0.000109736124674479,0.000133617719014486
"glmnet_1","Boston-LM-RF-spiky",128,26.6690269277373,14.7081213325918,0.000109736124674479,0.000133617719014486
"glmnet_1","Boston-LM-RF-spiky",128,32.0414148553369,21.3930743329911,0.000109736124674479,0.000133617719014486
"glmnet_1","Boston-LM-RF-spiky",128,28.8857528082385,18.6803373527117,0.000109736124674479,0.000133617719014486
"glmnet_1","Boston-LM-RF-spiky",128,33.4916342208813,21.8151190147898,0.000109736124674479,0.000133617719014486
"glmnet_1","Boston-LM-RF-spiky",128,22.0056756075034,20.1543551768926,0.000109736124674479,0.000133617719014486
"glmnet_1","Boston-LM-RF-spiky",128,26.3188669275654,17.4574353211428,0.000109736124674479,0.000133617719014486
"glmnet_1","Boston-LM-RF-spiky",128,53.0518030563961,23.1164786846237,0.000109736124674479,0.000133617719014486
"glmnet_1","Boston-LM-RF-spiky",128,47.4765275772074,23.3397991882207,0.000109736124674479,0.000133617719014486
"glmnet_1","Boston-LM-RF-spiky",128,29.9974806438894,22.1765704915802,0.000109736124674479,0.000133617719014486
"glmnet_1","Boston-LM-RF-spiky",128,36.4040994044574,23.1694727984822,0.000109736124674479,0.000133617719014486
"glmnet_1","Boston-LM-RF-spiky",128,31.8786226434788,17.4342664849211,0.000109736124674479,0.000133617719014486
"glmnet_1","Boston-LM-RF-spiky",128,31.4577532904721,11.9424384027465,0.000109736124674479,0.000133617719014486
"glmnet_1","Boston-LM-RF-spiky",128,32.1916126359039,16.6436208474209,0.000109736124674479,0.000133617719014486
"glmnet_1","Boston-LM-RF-spiky",128,45.7375625165852,15.9135477506921,0.000109736124674479,0.000133617719014486
"glmnet_1","Boston-LM-RF-spiky",128,40.6711543340215,27.0633441380812,0.000109736124674479,0.000133617719014486
"glmnet_1","Boston-LM-RF-spiky",128,24.0426139031886,23.4314580437895,0.000109736124674479,0.000133617719014486
"glmnet_1","Boston-LM-RF-spiky",128,28.5114538219308,18.7186237782456,0.000109736124674479,0.000133617719014486
"glmnet_1","Boston-LM-RF-spiky",128,5.0914419944347,4.53872641196461,0.000109736124674479,0.000133617719014486
"glmnet_1","Boston-LM-RF-spiky",128,1.26531911359579,7.9699813809934,0.000109736124674479,0.000133617719014486
"glmnet_1","Boston-LM-RF-spiky",128,10.6115360387864,11.6680564968202,0.000109736124674479,0.000133617719014486
"glmnet_1","Boston-LM-RF-spiky",128,11.6516303144282,16.3332160824193,0.000109736124674479,0.000133617719014486
"glmnet_1","Boston-LM-RF-spiky",128,13.0399788406856,17.295792886095,0.000109736124674479,0.000133617719014486
"glmnet_1","Boston-LM-RF-spiky",128,17.0241774389713,17.1122987510193,0.000109736124674479,0.000133617719014486
"glmnet_1","Boston-LM-RF-spiky",128,15.8162569455156,14.5510872799464,0.000109736124674479,0.000133617719014486
"glmnet_1","Boston-LM-RF-spiky",128,18.9298438803085,18.2594269805909,0.000109736124674479,0.000133617719014486
"glmnet_1","Boston-LM-RF-spiky",128,20.4248055022914,16.6594120305669,0.000109736124674479,0.000133617719014486
"glmnet_1","Boston-LM-RF-spiky",128,26.8658815733694,22.074572776179,0.000109736124674479,0.000133617719014486
"glmnet_1","Boston-LM-RF-spiky",128,25.1519116981487,20.2351896735468,0.000109736124674479,0.000133617719014486
